cam_model: Pinhole
cam_width: 640
cam_height: 480
cam_fx: 437.380974
cam_fy: 437.868052
cam_cx: 321.469621
cam_cy: 247.049171
cam_d0: -0.419470
cam_d1: 0.194784
cam_d2: 0.001018
cam_d3: 0.001736
