cam_model: ATAN
cam_width: 640
cam_height: 480
cam_fx: 0.618832
cam_fy: 0.826248
cam_cx: 0.512888
cam_cy: 0.522289
cam_d0: 1.08505

