cam_model: ATAN
cam_width: 640
cam_height: 480
cam_fx: 0.424832
cam_fy: 0.56442
cam_cx: 0.524464
cam_cy: 0.489566
cam_d0: 0.968127