cam_model: Pinhole
cam_width: 640
cam_height: 480
cam_fx: 297.349476
cam_fy: 297.666819
cam_cx: 321.830186
cam_cy: 240.076451
cam_d0: -0.266986
cam_d1: 0.048432
cam_d2: -0.000311
cam_d3: -0.000748
